%YAML:1.0
---
model: !!opencv-object-detector-hog
   winSize: [ 24, 24 ]
   blockSize: [ 16, 16 ]
   blockStride: [ 8, 8 ]
   cellSize: [ 8, 8 ]
   nbins: 9
   derivAperture: 1
   winSigma: 4.
   histogramNormType: 0
   L2HysThreshold: 2.0000000000000001e-01
   gammaCorrection: 1
   nlevels: 64
   signedGradient: 0
   SVMDetector: [ 1.29803285e-01, -4.02952358e-02, -8.35257471e-02,
       -6.36991858e-02, -1.27438441e-01, -2.01637335e-02, 6.70639426e-02,
       2.48486966e-01, 2.97573864e-01, -1.19553059e-02, -1.49428010e-01,
       -1.69996023e-01, -1.61552683e-01, -2.72110283e-01,
       -1.00981638e-01, 5.89249432e-02, 1.88024268e-01, 1.70557335e-01,
       1.35016263e-01, 2.65410054e-04, -3.45648639e-02, -3.06485258e-02,
       -9.02115554e-02, 8.87659285e-03, 9.43094194e-02, 2.43038818e-01,
       2.85615116e-01, -7.34459534e-02, -1.33144334e-01, -1.43628746e-01,
       -1.06208265e-01, -1.85860157e-01, -4.31814492e-02, 3.90764736e-02,
       1.14163898e-01, 9.68147665e-02, 7.77496994e-02, -7.11775124e-02,
       -1.09575965e-01, -1.13464259e-01, -1.97737560e-01,
       -5.21667562e-02, 9.43370908e-02, 2.11781323e-01, 2.67181158e-01,
       1.04529828e-01, -1.05452351e-01, -1.56885877e-01, -1.62039816e-01,
       -2.51509100e-01, -1.02913015e-01, -3.84157337e-02, 1.02772690e-01,
       2.73040295e-01, 1.93887949e-02, -1.80968996e-02, -3.52635123e-02,
       4.97795828e-03, -7.09325448e-02, 2.99957711e-02, 5.31263389e-02,
       1.11413799e-01, 1.35706514e-01, 1.56255923e-02, -8.38438645e-02,
       -1.02740936e-01, -9.06877518e-02, -1.82272226e-01,
       -5.28111160e-02, 1.84855685e-02, 1.61057681e-01, 1.40896529e-01,
       1.77186772e-01, 2.05550399e-02, -6.70362206e-04, 4.16001268e-02,
       2.15889551e-02, 8.49833041e-02, 1.36929706e-01, 1.86528906e-01,
       2.15085164e-01, -1.21820137e-01, -1.21393509e-01, -5.31137325e-02,
       2.84096170e-02, -4.31443192e-02, 3.29889096e-02, 1.57522541e-02,
       -2.17545591e-02, -8.27194601e-02, 2.76248932e-01, 1.70165494e-01,
       5.20321392e-02, 7.41025135e-02, 3.77610289e-02, 8.04687291e-02,
       8.89742002e-02, 1.43689469e-01, 2.10100487e-01, -1.44069437e-02,
       3.07899364e-03, -5.76210069e-03, 3.18750702e-02, -3.53040695e-02,
       4.05983739e-02, 1.81826595e-02, -6.72069117e-02, -5.50254174e-02,
       -8.26494992e-02, -7.08263542e-04, 1.05462633e-01, 1.97149813e-01,
       1.08227551e-01, 1.10170938e-01, 3.01656853e-02, -5.79232797e-02,
       -1.05577305e-01, -1.43480688e-01, -3.31903659e-02, 1.12168364e-01,
       1.71965688e-01, -4.39919438e-03, 9.60509107e-03, 1.85338948e-02,
       6.13093609e-03, -8.52923617e-02, -1.75378770e-02, 1.39046192e-01,
       2.25563079e-01, 2.45323434e-01, 1.18257724e-01, 9.39174891e-02,
       4.00052816e-02, -4.03795838e-02, -7.26469532e-02, -1.02069840e-01,
       1.42472744e-01, 2.72264302e-01, 2.78142601e-01, 2.73002535e-02,
       -4.85195331e-02, -7.04270154e-02, -1.22527368e-01,
       -1.50480017e-01, -7.32851684e-01 ]
