%YAML:1.0
---
model: !!opencv-object-detector-hog
   winSize: [ 24, 24 ]
   blockSize: [ 16, 16 ]
   blockStride: [ 8, 8 ]
   cellSize: [ 8, 8 ]
   nbins: 9
   derivAperture: 1
   winSigma: 4.
   histogramNormType: 0
   L2HysThreshold: 2.0000000000000001e-01
   gammaCorrection: 1
   nlevels: 64
   signedGradient: 0
   SVMDetector: [ -4.44083568e-03, -2.95746303e-03, 3.78692755e-04,
       5.85426751e-04, 1.52754728e-02, 2.50575645e-03, 5.51900081e-03,
       1.34673412e-03, -5.05298795e-03, -6.30745851e-03, -7.32696056e-03,
       1.45582121e-03, 4.66231082e-04, 2.15131436e-02, 2.12384854e-03,
       3.91275249e-03, 3.02116066e-04, -5.28297387e-03, -2.16074521e-03,
       -3.02506844e-03, 5.12197847e-04, -2.56750593e-03, 1.07044820e-02,
       6.12168456e-04, 5.99984033e-03, 2.44430569e-03, -4.24861297e-04,
       -5.31765493e-03, -7.18249334e-03, -1.84188562e-03,
       -1.64995523e-04, 1.74488556e-02, 2.33440101e-03, 5.59766358e-03,
       2.53498438e-03, -1.06571056e-03, -4.79949918e-03, -5.08772349e-03,
       2.03718455e-03, -1.05359140e-04, 9.21926927e-03, -4.26584709e-04,
       5.57434279e-03, 2.92659737e-04, -3.33078508e-03, -4.94028023e-03,
       -7.74295861e-03, 1.97515404e-03, 8.40311812e-04, 1.10897347e-02,
       3.56615230e-04, 9.62899998e-03, 1.18307042e-04, -3.48998117e-03,
       -5.96998353e-03, -8.04818049e-03, -3.57580604e-03, 9.03927023e-04,
       7.31073041e-03, -2.65946775e-03, 5.70126111e-03, 1.47540518e-03,
       -2.67446530e-03, 5.76887760e-06, -8.58705956e-04, 3.72651126e-03,
       2.16208841e-03, 1.19893532e-02, 1.58269249e-03, 9.79332719e-03,
       2.82621547e-03, -9.76698590e-04, -3.81028396e-03, -5.86155278e-04,
       -3.85727850e-04, -4.79109865e-03, 6.22693636e-03, -1.90801671e-04,
       4.04633861e-03, 1.39494461e-03, -2.97450018e-03, -5.74118458e-03,
       -3.62947863e-03, -4.02563717e-03, -5.09626884e-03, 1.06367106e-02,
       1.21006579e-03, 1.75248913e-03, -9.55200871e-04, -3.37560265e-03,
       -7.30851898e-03, -3.16038216e-03, -2.09777895e-03,
       -6.32128026e-03, 1.18130576e-02, 1.05098425e-03, 3.38683953e-03,
       -1.84161949e-03, -6.82964548e-03, -4.34451876e-03, 1.59619073e-03,
       6.77009067e-03, 4.72222129e-03, 2.50178743e-02, 3.50382598e-03,
       2.76087993e-03, -5.22866007e-03, -6.39056880e-03, -7.45950639e-03,
       -8.44997726e-03, -7.11549772e-03, -2.82131112e-03, 1.25797000e-03,
       -1.77461840e-03, 1.31560582e-05, -2.88061216e-03, -4.00299719e-03,
       -6.99992757e-04, -4.02883533e-03, -3.71794170e-03,
       -3.70065845e-03, 3.17991222e-03, -2.53927801e-03, 3.09530110e-03,
       -2.82650092e-03, -2.23187800e-03, -6.82735536e-03,
       -3.51151964e-03, -2.26266892e-03, 1.88967679e-04, 9.30953678e-03,
       -3.69367376e-03, -1.97654008e-03, -5.46142273e-03,
       -6.26443233e-03, 6.76204870e-03, 7.25460763e-04, 3.15407920e-03,
       6.74494496e-03, 1.00989128e-02, -6.62543229e-04, 4.03363537e-03,
       4.57321433e-03, 7.77237583e-03, -3.81028396e-03, -5.86155278e-04,
       -3.85727850e-04, -4.79109865e-03, 6.22693636e-03, -1.90801671e-04,
       4.04633861e-03, 1.39494461e-03, -2.97450018e-03, -5.74118458e-03,
       -3.62947863e-03, -4.02563717e-03, -5.09626884e-03, 1.06367106e-02,
       1.21006579e-03, 1.75248913e-03, -9.55200871e-04, -3.37560265e-03,
       -7.30851898e-03, -3.16038216e-03, -2.09777895e-03,
       -6.32128026e-03, 1.18130576e-02, 1.05098425e-03, 3.38683953e-03,
       -1.84161949e-03, -6.82964548e-03, -4.34451876e-03, 1.59619073e-03,
       6.77009067e-03, 4.72222129e-03, 2.50178743e-02, 3.50382598e-03,
       2.76087993e-03, -5.22866007e-03, -6.39056880e-03, -7.45950639e-03,
       -8.44997726e-03, -7.11549772e-03, -2.82131112e-03, 1.25797000e-03,
       -1.77461840e-03, 1.31560582e-05, -2.88061216e-03, -4.00299719e-03,
       -6.99992757e-04, -4.02883533e-03, -3.71794170e-03,
       -3.70065845e-03, 3.17991222e-03, -2.53927801e-03, 3.09530110e-03,
       -2.82650092e-03, -2.23187800e-03, -6.82735536e-03,
       -3.51151964e-03, -2.26266892e-03, 1.88967679e-04, 9.30953678e-03,
       -3.69367376e-03, -1.97654008e-03, -5.46142273e-03,
       -6.26443233e-03, 6.76204870e-03, 7.25460763e-04, 3.15407920e-03,
       6.74494496e-03, 1.00989128e-02, -6.62543229e-04, 4.03363537e-03,
       4.57321433e-03, 7.77237583e-03, -9.91527457e-03, -5.33511629e-03,
       -6.64330274e-03, -9.66639537e-03, 3.25910310e-04, -3.03964107e-03,
       -2.67235306e-03, -3.60047864e-03, -8.62290990e-03,
       -7.02972338e-03, -1.01336720e-03, -1.11448183e-03, 1.28790364e-03,
       9.02342703e-03, -2.61436612e-03, -4.53301566e-03, -6.27396768e-03,
       -5.66079700e-03, -6.78756135e-03, -4.03570198e-03,
       -4.00975719e-03, -1.01868762e-02, -1.49443571e-03,
       -4.64005489e-03, -2.27977079e-03, -3.15414346e-03,
       -5.43174334e-03, 6.53606607e-03, 1.00527341e-02, 1.07041197e-02,
       1.11547615e-02, 1.86732337e-02, 6.12624502e-03, 4.39057918e-03,
       8.67128652e-03, 6.85324566e-03, -9.58462711e-03, -6.95850328e-03,
       -9.29993298e-03, -4.07263031e-03, -5.52801415e-03,
       -1.01001961e-02, -9.26141348e-03, -6.06467994e-03,
       -7.80281099e-03, 2.06148205e-03, -4.02272306e-03, -7.88373128e-03,
       -6.46644784e-03, -5.06943604e-03, -7.77770579e-03,
       -4.61775251e-03, 2.54048337e-03, 3.77814355e-03, 8.95742094e-04,
       1.51322660e-04, -1.22157380e-03, -8.13983730e-04, 5.52055892e-04,
       -3.48810712e-03, -5.32114366e-03, -1.85235974e-03,
       -1.53388246e-03, 8.19046423e-03, 6.83420617e-03, 2.85996846e-03,
       2.21928325e-03, 1.12476945e-03, 1.63231452e-03, 4.62604128e-03,
       9.04306769e-03, 1.08324653e-02, -9.91527457e-03, -5.33511629e-03,
       -6.64330274e-03, -9.66639537e-03, 3.25910310e-04, -3.03964107e-03,
       -2.67235306e-03, -3.60047864e-03, -8.62290990e-03,
       -7.02972338e-03, -1.01336720e-03, -1.11448183e-03, 1.28790364e-03,
       9.02342703e-03, -2.61436612e-03, -4.53301566e-03, -6.27396768e-03,
       -5.66079700e-03, -6.78756135e-03, -4.03570198e-03,
       -4.00975719e-03, -1.01868762e-02, -1.49443571e-03,
       -4.64005489e-03, -2.27977079e-03, -3.15414346e-03,
       -5.43174334e-03, 6.53606607e-03, 1.00527341e-02, 1.07041197e-02,
       1.11547615e-02, 1.86732337e-02, 6.12624502e-03, 4.39057918e-03,
       8.67128652e-03, 6.85324566e-03, -9.58462711e-03, -6.95850328e-03,
       -9.29993298e-03, -4.07263031e-03, -5.52801415e-03,
       -1.01001961e-02, -9.26141348e-03, -6.06467994e-03,
       -7.80281099e-03, 2.06148205e-03, -4.02272306e-03, -7.88373128e-03,
       -6.46644784e-03, -5.06943604e-03, -7.77770579e-03,
       -4.61775251e-03, 2.54048337e-03, 3.77814355e-03, 8.95742094e-04,
       1.51322660e-04, -1.22157380e-03, -8.13983730e-04, 5.52055892e-04,
       -3.48810712e-03, -5.32114366e-03, -1.85235974e-03,
       -1.53388246e-03, 8.19046423e-03, 6.83420617e-03, 2.85996846e-03,
       2.21928325e-03, 1.12476945e-03, 1.63231452e-03, 4.62604128e-03,
       9.04306769e-03, 1.08324653e-02, -1.10193510e-02, -8.62050243e-03,
       -8.83775298e-03, -1.41121373e-02, -1.41458036e-02,
       -8.33410770e-03, -5.57516795e-03, -6.81116106e-03,
       -8.09312053e-03, 1.12291635e-03, 1.02540606e-03, 2.15930026e-03,
       3.75653524e-03, 1.16201062e-02, 5.20947995e-03, 7.91613013e-03,
       6.89403294e-03, 5.05646272e-03, -1.07693151e-02, -7.03191431e-03,
       -7.23417336e-03, -1.30613204e-02, -1.84882991e-02,
       -1.25480611e-02, -6.44994713e-03, -4.21387097e-03,
       -8.79853405e-03, 1.43987546e-03, 1.06188271e-03, 7.27610616e-03,
       7.21877115e-03, 1.19767617e-02, 7.21482420e-03, 6.62122294e-03,
       4.30083647e-03, 2.87122931e-03, 1.89398183e-03, -3.57319438e-03,
       -7.10001681e-03, -5.13869990e-03, -1.22533902e-03,
       -3.48827639e-03, -7.39037932e-04, 8.24206916e-04, 1.29267771e-03,
       2.61287484e-03, 2.34976236e-04, -3.62607301e-03, -6.15362730e-03,
       -5.67378616e-03, -1.54349243e-03, 4.25256277e-03, 2.29506334e-03,
